{
 "cells": [
  {
   "cell_type": "code",
   "execution_count": 51,
   "metadata": {},
   "outputs": [],
   "source": [
    "import pandas as pd\n",
    "import numpy as np"
   ]
  },
  {
   "cell_type": "code",
   "execution_count": 52,
   "metadata": {},
   "outputs": [],
   "source": [
    "data = pd.DataFrame(np.random.rand(9,6), columns=list('abcdef'))"
   ]
  },
  {
   "cell_type": "code",
   "execution_count": 53,
   "metadata": {},
   "outputs": [
    {
     "data": {
      "text/html": [
       "<div>\n",
       "<style scoped>\n",
       "    .dataframe tbody tr th:only-of-type {\n",
       "        vertical-align: middle;\n",
       "    }\n",
       "\n",
       "    .dataframe tbody tr th {\n",
       "        vertical-align: top;\n",
       "    }\n",
       "\n",
       "    .dataframe thead th {\n",
       "        text-align: right;\n",
       "    }\n",
       "</style>\n",
       "<table border=\"1\" class=\"dataframe\">\n",
       "  <thead>\n",
       "    <tr style=\"text-align: right;\">\n",
       "      <th></th>\n",
       "      <th>a</th>\n",
       "      <th>b</th>\n",
       "      <th>c</th>\n",
       "      <th>d</th>\n",
       "      <th>e</th>\n",
       "      <th>f</th>\n",
       "    </tr>\n",
       "  </thead>\n",
       "  <tbody>\n",
       "    <tr>\n",
       "      <th>0</th>\n",
       "      <td>0.627665</td>\n",
       "      <td>0.223886</td>\n",
       "      <td>0.239294</td>\n",
       "      <td>0.484084</td>\n",
       "      <td>0.110841</td>\n",
       "      <td>0.901082</td>\n",
       "    </tr>\n",
       "    <tr>\n",
       "      <th>1</th>\n",
       "      <td>0.590443</td>\n",
       "      <td>0.359396</td>\n",
       "      <td>0.446911</td>\n",
       "      <td>0.971094</td>\n",
       "      <td>0.214981</td>\n",
       "      <td>0.067402</td>\n",
       "    </tr>\n",
       "    <tr>\n",
       "      <th>2</th>\n",
       "      <td>0.468616</td>\n",
       "      <td>0.732161</td>\n",
       "      <td>0.184266</td>\n",
       "      <td>0.765296</td>\n",
       "      <td>0.778902</td>\n",
       "      <td>0.493699</td>\n",
       "    </tr>\n",
       "    <tr>\n",
       "      <th>3</th>\n",
       "      <td>0.822042</td>\n",
       "      <td>0.550393</td>\n",
       "      <td>0.938976</td>\n",
       "      <td>0.860782</td>\n",
       "      <td>0.348710</td>\n",
       "      <td>0.560728</td>\n",
       "    </tr>\n",
       "    <tr>\n",
       "      <th>4</th>\n",
       "      <td>0.128565</td>\n",
       "      <td>0.497167</td>\n",
       "      <td>0.019713</td>\n",
       "      <td>0.149711</td>\n",
       "      <td>0.552489</td>\n",
       "      <td>0.712404</td>\n",
       "    </tr>\n",
       "    <tr>\n",
       "      <th>5</th>\n",
       "      <td>0.073784</td>\n",
       "      <td>0.217180</td>\n",
       "      <td>0.580560</td>\n",
       "      <td>0.562344</td>\n",
       "      <td>0.973917</td>\n",
       "      <td>0.238579</td>\n",
       "    </tr>\n",
       "    <tr>\n",
       "      <th>6</th>\n",
       "      <td>0.127570</td>\n",
       "      <td>0.679626</td>\n",
       "      <td>0.098907</td>\n",
       "      <td>0.983462</td>\n",
       "      <td>0.737588</td>\n",
       "      <td>0.967053</td>\n",
       "    </tr>\n",
       "    <tr>\n",
       "      <th>7</th>\n",
       "      <td>0.592405</td>\n",
       "      <td>0.853086</td>\n",
       "      <td>0.337072</td>\n",
       "      <td>0.637990</td>\n",
       "      <td>0.452348</td>\n",
       "      <td>0.183761</td>\n",
       "    </tr>\n",
       "    <tr>\n",
       "      <th>8</th>\n",
       "      <td>0.201351</td>\n",
       "      <td>0.075410</td>\n",
       "      <td>0.628463</td>\n",
       "      <td>0.442284</td>\n",
       "      <td>0.484848</td>\n",
       "      <td>0.526488</td>\n",
       "    </tr>\n",
       "  </tbody>\n",
       "</table>\n",
       "</div>"
      ],
      "text/plain": [
       "          a         b         c         d         e         f\n",
       "0  0.627665  0.223886  0.239294  0.484084  0.110841  0.901082\n",
       "1  0.590443  0.359396  0.446911  0.971094  0.214981  0.067402\n",
       "2  0.468616  0.732161  0.184266  0.765296  0.778902  0.493699\n",
       "3  0.822042  0.550393  0.938976  0.860782  0.348710  0.560728\n",
       "4  0.128565  0.497167  0.019713  0.149711  0.552489  0.712404\n",
       "5  0.073784  0.217180  0.580560  0.562344  0.973917  0.238579\n",
       "6  0.127570  0.679626  0.098907  0.983462  0.737588  0.967053\n",
       "7  0.592405  0.853086  0.337072  0.637990  0.452348  0.183761\n",
       "8  0.201351  0.075410  0.628463  0.442284  0.484848  0.526488"
      ]
     },
     "execution_count": 53,
     "metadata": {},
     "output_type": "execute_result"
    }
   ],
   "source": [
    "data"
   ]
  },
  {
   "cell_type": "code",
   "execution_count": 54,
   "metadata": {},
   "outputs": [
    {
     "data": {
      "text/html": [
       "<div>\n",
       "<style scoped>\n",
       "    .dataframe tbody tr th:only-of-type {\n",
       "        vertical-align: middle;\n",
       "    }\n",
       "\n",
       "    .dataframe tbody tr th {\n",
       "        vertical-align: top;\n",
       "    }\n",
       "\n",
       "    .dataframe thead th {\n",
       "        text-align: right;\n",
       "    }\n",
       "</style>\n",
       "<table border=\"1\" class=\"dataframe\">\n",
       "  <thead>\n",
       "    <tr style=\"text-align: right;\">\n",
       "      <th></th>\n",
       "      <th>a</th>\n",
       "      <th>b</th>\n",
       "      <th>c</th>\n",
       "      <th>d</th>\n",
       "      <th>e</th>\n",
       "      <th>f</th>\n",
       "    </tr>\n",
       "  </thead>\n",
       "  <tbody>\n",
       "    <tr>\n",
       "      <th>0</th>\n",
       "      <td>0.627665</td>\n",
       "      <td>0.223886</td>\n",
       "      <td>0.239294</td>\n",
       "      <td>0.484084</td>\n",
       "      <td>0.110841</td>\n",
       "      <td>0.901082</td>\n",
       "    </tr>\n",
       "    <tr>\n",
       "      <th>1</th>\n",
       "      <td>0.590443</td>\n",
       "      <td>0.359396</td>\n",
       "      <td>0.446911</td>\n",
       "      <td>0.971094</td>\n",
       "      <td>0.214981</td>\n",
       "      <td>0.067402</td>\n",
       "    </tr>\n",
       "    <tr>\n",
       "      <th>2</th>\n",
       "      <td>0.468616</td>\n",
       "      <td>0.732161</td>\n",
       "      <td>0.184266</td>\n",
       "      <td>0.765296</td>\n",
       "      <td>0.778902</td>\n",
       "      <td>0.493699</td>\n",
       "    </tr>\n",
       "    <tr>\n",
       "      <th>3</th>\n",
       "      <td>0.822042</td>\n",
       "      <td>0.550393</td>\n",
       "      <td>0.938976</td>\n",
       "      <td>0.860782</td>\n",
       "      <td>0.348710</td>\n",
       "      <td>0.560728</td>\n",
       "    </tr>\n",
       "    <tr>\n",
       "      <th>4</th>\n",
       "      <td>0.128565</td>\n",
       "      <td>0.497167</td>\n",
       "      <td>0.019713</td>\n",
       "      <td>0.149711</td>\n",
       "      <td>0.552489</td>\n",
       "      <td>0.712404</td>\n",
       "    </tr>\n",
       "  </tbody>\n",
       "</table>\n",
       "</div>"
      ],
      "text/plain": [
       "          a         b         c         d         e         f\n",
       "0  0.627665  0.223886  0.239294  0.484084  0.110841  0.901082\n",
       "1  0.590443  0.359396  0.446911  0.971094  0.214981  0.067402\n",
       "2  0.468616  0.732161  0.184266  0.765296  0.778902  0.493699\n",
       "3  0.822042  0.550393  0.938976  0.860782  0.348710  0.560728\n",
       "4  0.128565  0.497167  0.019713  0.149711  0.552489  0.712404"
      ]
     },
     "execution_count": 54,
     "metadata": {},
     "output_type": "execute_result"
    }
   ],
   "source": [
    "## 只看前面的数据，如果数据有几个G的大小\n",
    "data.head()"
   ]
  },
  {
   "cell_type": "code",
   "execution_count": 55,
   "metadata": {},
   "outputs": [
    {
     "data": {
      "text/html": [
       "<div>\n",
       "<style scoped>\n",
       "    .dataframe tbody tr th:only-of-type {\n",
       "        vertical-align: middle;\n",
       "    }\n",
       "\n",
       "    .dataframe tbody tr th {\n",
       "        vertical-align: top;\n",
       "    }\n",
       "\n",
       "    .dataframe thead th {\n",
       "        text-align: right;\n",
       "    }\n",
       "</style>\n",
       "<table border=\"1\" class=\"dataframe\">\n",
       "  <thead>\n",
       "    <tr style=\"text-align: right;\">\n",
       "      <th></th>\n",
       "      <th>a</th>\n",
       "      <th>b</th>\n",
       "      <th>c</th>\n",
       "      <th>d</th>\n",
       "      <th>e</th>\n",
       "      <th>f</th>\n",
       "    </tr>\n",
       "  </thead>\n",
       "  <tbody>\n",
       "    <tr>\n",
       "      <th>4</th>\n",
       "      <td>0.128565</td>\n",
       "      <td>0.497167</td>\n",
       "      <td>0.019713</td>\n",
       "      <td>0.149711</td>\n",
       "      <td>0.552489</td>\n",
       "      <td>0.712404</td>\n",
       "    </tr>\n",
       "    <tr>\n",
       "      <th>5</th>\n",
       "      <td>0.073784</td>\n",
       "      <td>0.217180</td>\n",
       "      <td>0.580560</td>\n",
       "      <td>0.562344</td>\n",
       "      <td>0.973917</td>\n",
       "      <td>0.238579</td>\n",
       "    </tr>\n",
       "    <tr>\n",
       "      <th>6</th>\n",
       "      <td>0.127570</td>\n",
       "      <td>0.679626</td>\n",
       "      <td>0.098907</td>\n",
       "      <td>0.983462</td>\n",
       "      <td>0.737588</td>\n",
       "      <td>0.967053</td>\n",
       "    </tr>\n",
       "    <tr>\n",
       "      <th>7</th>\n",
       "      <td>0.592405</td>\n",
       "      <td>0.853086</td>\n",
       "      <td>0.337072</td>\n",
       "      <td>0.637990</td>\n",
       "      <td>0.452348</td>\n",
       "      <td>0.183761</td>\n",
       "    </tr>\n",
       "    <tr>\n",
       "      <th>8</th>\n",
       "      <td>0.201351</td>\n",
       "      <td>0.075410</td>\n",
       "      <td>0.628463</td>\n",
       "      <td>0.442284</td>\n",
       "      <td>0.484848</td>\n",
       "      <td>0.526488</td>\n",
       "    </tr>\n",
       "  </tbody>\n",
       "</table>\n",
       "</div>"
      ],
      "text/plain": [
       "          a         b         c         d         e         f\n",
       "4  0.128565  0.497167  0.019713  0.149711  0.552489  0.712404\n",
       "5  0.073784  0.217180  0.580560  0.562344  0.973917  0.238579\n",
       "6  0.127570  0.679626  0.098907  0.983462  0.737588  0.967053\n",
       "7  0.592405  0.853086  0.337072  0.637990  0.452348  0.183761\n",
       "8  0.201351  0.075410  0.628463  0.442284  0.484848  0.526488"
      ]
     },
     "execution_count": 55,
     "metadata": {},
     "output_type": "execute_result"
    }
   ],
   "source": [
    "data.tail()"
   ]
  },
  {
   "cell_type": "code",
   "execution_count": 56,
   "metadata": {},
   "outputs": [
    {
     "data": {
      "text/html": [
       "<div>\n",
       "<style scoped>\n",
       "    .dataframe tbody tr th:only-of-type {\n",
       "        vertical-align: middle;\n",
       "    }\n",
       "\n",
       "    .dataframe tbody tr th {\n",
       "        vertical-align: top;\n",
       "    }\n",
       "\n",
       "    .dataframe thead th {\n",
       "        text-align: right;\n",
       "    }\n",
       "</style>\n",
       "<table border=\"1\" class=\"dataframe\">\n",
       "  <thead>\n",
       "    <tr style=\"text-align: right;\">\n",
       "      <th></th>\n",
       "      <th>0</th>\n",
       "      <th>1</th>\n",
       "      <th>2</th>\n",
       "      <th>3</th>\n",
       "      <th>4</th>\n",
       "      <th>5</th>\n",
       "      <th>6</th>\n",
       "      <th>7</th>\n",
       "      <th>8</th>\n",
       "    </tr>\n",
       "  </thead>\n",
       "  <tbody>\n",
       "    <tr>\n",
       "      <th>a</th>\n",
       "      <td>0.627665</td>\n",
       "      <td>0.590443</td>\n",
       "      <td>0.468616</td>\n",
       "      <td>0.822042</td>\n",
       "      <td>0.128565</td>\n",
       "      <td>0.073784</td>\n",
       "      <td>0.127570</td>\n",
       "      <td>0.592405</td>\n",
       "      <td>0.201351</td>\n",
       "    </tr>\n",
       "    <tr>\n",
       "      <th>b</th>\n",
       "      <td>0.223886</td>\n",
       "      <td>0.359396</td>\n",
       "      <td>0.732161</td>\n",
       "      <td>0.550393</td>\n",
       "      <td>0.497167</td>\n",
       "      <td>0.217180</td>\n",
       "      <td>0.679626</td>\n",
       "      <td>0.853086</td>\n",
       "      <td>0.075410</td>\n",
       "    </tr>\n",
       "    <tr>\n",
       "      <th>c</th>\n",
       "      <td>0.239294</td>\n",
       "      <td>0.446911</td>\n",
       "      <td>0.184266</td>\n",
       "      <td>0.938976</td>\n",
       "      <td>0.019713</td>\n",
       "      <td>0.580560</td>\n",
       "      <td>0.098907</td>\n",
       "      <td>0.337072</td>\n",
       "      <td>0.628463</td>\n",
       "    </tr>\n",
       "    <tr>\n",
       "      <th>d</th>\n",
       "      <td>0.484084</td>\n",
       "      <td>0.971094</td>\n",
       "      <td>0.765296</td>\n",
       "      <td>0.860782</td>\n",
       "      <td>0.149711</td>\n",
       "      <td>0.562344</td>\n",
       "      <td>0.983462</td>\n",
       "      <td>0.637990</td>\n",
       "      <td>0.442284</td>\n",
       "    </tr>\n",
       "    <tr>\n",
       "      <th>e</th>\n",
       "      <td>0.110841</td>\n",
       "      <td>0.214981</td>\n",
       "      <td>0.778902</td>\n",
       "      <td>0.348710</td>\n",
       "      <td>0.552489</td>\n",
       "      <td>0.973917</td>\n",
       "      <td>0.737588</td>\n",
       "      <td>0.452348</td>\n",
       "      <td>0.484848</td>\n",
       "    </tr>\n",
       "    <tr>\n",
       "      <th>f</th>\n",
       "      <td>0.901082</td>\n",
       "      <td>0.067402</td>\n",
       "      <td>0.493699</td>\n",
       "      <td>0.560728</td>\n",
       "      <td>0.712404</td>\n",
       "      <td>0.238579</td>\n",
       "      <td>0.967053</td>\n",
       "      <td>0.183761</td>\n",
       "      <td>0.526488</td>\n",
       "    </tr>\n",
       "  </tbody>\n",
       "</table>\n",
       "</div>"
      ],
      "text/plain": [
       "          0         1         2         3         4         5         6  \\\n",
       "a  0.627665  0.590443  0.468616  0.822042  0.128565  0.073784  0.127570   \n",
       "b  0.223886  0.359396  0.732161  0.550393  0.497167  0.217180  0.679626   \n",
       "c  0.239294  0.446911  0.184266  0.938976  0.019713  0.580560  0.098907   \n",
       "d  0.484084  0.971094  0.765296  0.860782  0.149711  0.562344  0.983462   \n",
       "e  0.110841  0.214981  0.778902  0.348710  0.552489  0.973917  0.737588   \n",
       "f  0.901082  0.067402  0.493699  0.560728  0.712404  0.238579  0.967053   \n",
       "\n",
       "          7         8  \n",
       "a  0.592405  0.201351  \n",
       "b  0.853086  0.075410  \n",
       "c  0.337072  0.628463  \n",
       "d  0.637990  0.442284  \n",
       "e  0.452348  0.484848  \n",
       "f  0.183761  0.526488  "
      ]
     },
     "execution_count": 56,
     "metadata": {},
     "output_type": "execute_result"
    }
   ],
   "source": [
    "# 转置\n",
    "data.T"
   ]
  },
  {
   "cell_type": "code",
   "execution_count": 57,
   "metadata": {},
   "outputs": [
    {
     "data": {
      "text/plain": [
       "RangeIndex(start=0, stop=9, step=1)"
      ]
     },
     "execution_count": 57,
     "metadata": {},
     "output_type": "execute_result"
    }
   ],
   "source": [
    "data.index"
   ]
  },
  {
   "cell_type": "code",
   "execution_count": 58,
   "metadata": {},
   "outputs": [
    {
     "data": {
      "text/plain": [
       "Index(['a', 'b', 'c', 'd', 'e', 'f'], dtype='object')"
      ]
     },
     "execution_count": 58,
     "metadata": {},
     "output_type": "execute_result"
    }
   ],
   "source": [
    "data.columns\n",
    "#可以用in函数观察"
   ]
  },
  {
   "cell_type": "code",
   "execution_count": 59,
   "metadata": {},
   "outputs": [
    {
     "data": {
      "text/html": [
       "<div>\n",
       "<style scoped>\n",
       "    .dataframe tbody tr th:only-of-type {\n",
       "        vertical-align: middle;\n",
       "    }\n",
       "\n",
       "    .dataframe tbody tr th {\n",
       "        vertical-align: top;\n",
       "    }\n",
       "\n",
       "    .dataframe thead th {\n",
       "        text-align: right;\n",
       "    }\n",
       "</style>\n",
       "<table border=\"1\" class=\"dataframe\">\n",
       "  <thead>\n",
       "    <tr style=\"text-align: right;\">\n",
       "      <th></th>\n",
       "      <th>a</th>\n",
       "      <th>b</th>\n",
       "      <th>c</th>\n",
       "      <th>d</th>\n",
       "      <th>e</th>\n",
       "      <th>f</th>\n",
       "    </tr>\n",
       "  </thead>\n",
       "  <tbody>\n",
       "    <tr>\n",
       "      <th>count</th>\n",
       "      <td>9.000000</td>\n",
       "      <td>9.000000</td>\n",
       "      <td>9.000000</td>\n",
       "      <td>9.000000</td>\n",
       "      <td>9.000000</td>\n",
       "      <td>9.000000</td>\n",
       "    </tr>\n",
       "    <tr>\n",
       "      <th>mean</th>\n",
       "      <td>0.403605</td>\n",
       "      <td>0.465367</td>\n",
       "      <td>0.386018</td>\n",
       "      <td>0.650783</td>\n",
       "      <td>0.517180</td>\n",
       "      <td>0.516800</td>\n",
       "    </tr>\n",
       "    <tr>\n",
       "      <th>std</th>\n",
       "      <td>0.274227</td>\n",
       "      <td>0.264305</td>\n",
       "      <td>0.293116</td>\n",
       "      <td>0.274045</td>\n",
       "      <td>0.277714</td>\n",
       "      <td>0.312550</td>\n",
       "    </tr>\n",
       "    <tr>\n",
       "      <th>min</th>\n",
       "      <td>0.073784</td>\n",
       "      <td>0.075410</td>\n",
       "      <td>0.019713</td>\n",
       "      <td>0.149711</td>\n",
       "      <td>0.110841</td>\n",
       "      <td>0.067402</td>\n",
       "    </tr>\n",
       "    <tr>\n",
       "      <th>25%</th>\n",
       "      <td>0.128565</td>\n",
       "      <td>0.223886</td>\n",
       "      <td>0.184266</td>\n",
       "      <td>0.484084</td>\n",
       "      <td>0.348710</td>\n",
       "      <td>0.238579</td>\n",
       "    </tr>\n",
       "    <tr>\n",
       "      <th>50%</th>\n",
       "      <td>0.468616</td>\n",
       "      <td>0.497167</td>\n",
       "      <td>0.337072</td>\n",
       "      <td>0.637990</td>\n",
       "      <td>0.484848</td>\n",
       "      <td>0.526488</td>\n",
       "    </tr>\n",
       "    <tr>\n",
       "      <th>75%</th>\n",
       "      <td>0.592405</td>\n",
       "      <td>0.679626</td>\n",
       "      <td>0.580560</td>\n",
       "      <td>0.860782</td>\n",
       "      <td>0.737588</td>\n",
       "      <td>0.712404</td>\n",
       "    </tr>\n",
       "    <tr>\n",
       "      <th>max</th>\n",
       "      <td>0.822042</td>\n",
       "      <td>0.853086</td>\n",
       "      <td>0.938976</td>\n",
       "      <td>0.983462</td>\n",
       "      <td>0.973917</td>\n",
       "      <td>0.967053</td>\n",
       "    </tr>\n",
       "  </tbody>\n",
       "</table>\n",
       "</div>"
      ],
      "text/plain": [
       "              a         b         c         d         e         f\n",
       "count  9.000000  9.000000  9.000000  9.000000  9.000000  9.000000\n",
       "mean   0.403605  0.465367  0.386018  0.650783  0.517180  0.516800\n",
       "std    0.274227  0.264305  0.293116  0.274045  0.277714  0.312550\n",
       "min    0.073784  0.075410  0.019713  0.149711  0.110841  0.067402\n",
       "25%    0.128565  0.223886  0.184266  0.484084  0.348710  0.238579\n",
       "50%    0.468616  0.497167  0.337072  0.637990  0.484848  0.526488\n",
       "75%    0.592405  0.679626  0.580560  0.860782  0.737588  0.712404\n",
       "max    0.822042  0.853086  0.938976  0.983462  0.973917  0.967053"
      ]
     },
     "execution_count": 59,
     "metadata": {},
     "output_type": "execute_result"
    }
   ],
   "source": [
    "# 观察统计信息 中间包含很多有用的信息\n",
    "data.describe()"
   ]
  },
  {
   "cell_type": "code",
   "execution_count": 60,
   "metadata": {},
   "outputs": [
    {
     "data": {
      "text/plain": [
       "a    0.403605\n",
       "b    0.465367\n",
       "c    0.386018\n",
       "d    0.650783\n",
       "e    0.517180\n",
       "f    0.516800\n",
       "dtype: float64"
      ]
     },
     "execution_count": 60,
     "metadata": {},
     "output_type": "execute_result"
    }
   ],
   "source": [
    "data.mean()\n",
    "# 求每一列的均值"
   ]
  },
  {
   "cell_type": "code",
   "execution_count": 61,
   "metadata": {},
   "outputs": [
    {
     "data": {
      "text/plain": [
       "0    0.431142\n",
       "1    0.441705\n",
       "2    0.570490\n",
       "3    0.680272\n",
       "4    0.343341\n",
       "5    0.441061\n",
       "6    0.599034\n",
       "7    0.509443\n",
       "8    0.393141\n",
       "dtype: float64"
      ]
     },
     "execution_count": 61,
     "metadata": {},
     "output_type": "execute_result"
    }
   ],
   "source": [
    "data.mean(1)\n",
    "# 求每一行的均值"
   ]
  },
  {
   "cell_type": "markdown",
   "metadata": {},
   "source": [
    "# 排序\n",
    "##  按照索引排序, axis =1 是列与列之间的运算"
   ]
  },
  {
   "cell_type": "code",
   "execution_count": 62,
   "metadata": {},
   "outputs": [
    {
     "data": {
      "text/html": [
       "<div>\n",
       "<style scoped>\n",
       "    .dataframe tbody tr th:only-of-type {\n",
       "        vertical-align: middle;\n",
       "    }\n",
       "\n",
       "    .dataframe tbody tr th {\n",
       "        vertical-align: top;\n",
       "    }\n",
       "\n",
       "    .dataframe thead th {\n",
       "        text-align: right;\n",
       "    }\n",
       "</style>\n",
       "<table border=\"1\" class=\"dataframe\">\n",
       "  <thead>\n",
       "    <tr style=\"text-align: right;\">\n",
       "      <th></th>\n",
       "      <th>f</th>\n",
       "      <th>e</th>\n",
       "      <th>d</th>\n",
       "      <th>c</th>\n",
       "      <th>b</th>\n",
       "      <th>a</th>\n",
       "    </tr>\n",
       "  </thead>\n",
       "  <tbody>\n",
       "    <tr>\n",
       "      <th>0</th>\n",
       "      <td>0.901082</td>\n",
       "      <td>0.110841</td>\n",
       "      <td>0.484084</td>\n",
       "      <td>0.239294</td>\n",
       "      <td>0.223886</td>\n",
       "      <td>0.627665</td>\n",
       "    </tr>\n",
       "    <tr>\n",
       "      <th>1</th>\n",
       "      <td>0.067402</td>\n",
       "      <td>0.214981</td>\n",
       "      <td>0.971094</td>\n",
       "      <td>0.446911</td>\n",
       "      <td>0.359396</td>\n",
       "      <td>0.590443</td>\n",
       "    </tr>\n",
       "    <tr>\n",
       "      <th>2</th>\n",
       "      <td>0.493699</td>\n",
       "      <td>0.778902</td>\n",
       "      <td>0.765296</td>\n",
       "      <td>0.184266</td>\n",
       "      <td>0.732161</td>\n",
       "      <td>0.468616</td>\n",
       "    </tr>\n",
       "    <tr>\n",
       "      <th>3</th>\n",
       "      <td>0.560728</td>\n",
       "      <td>0.348710</td>\n",
       "      <td>0.860782</td>\n",
       "      <td>0.938976</td>\n",
       "      <td>0.550393</td>\n",
       "      <td>0.822042</td>\n",
       "    </tr>\n",
       "    <tr>\n",
       "      <th>4</th>\n",
       "      <td>0.712404</td>\n",
       "      <td>0.552489</td>\n",
       "      <td>0.149711</td>\n",
       "      <td>0.019713</td>\n",
       "      <td>0.497167</td>\n",
       "      <td>0.128565</td>\n",
       "    </tr>\n",
       "    <tr>\n",
       "      <th>5</th>\n",
       "      <td>0.238579</td>\n",
       "      <td>0.973917</td>\n",
       "      <td>0.562344</td>\n",
       "      <td>0.580560</td>\n",
       "      <td>0.217180</td>\n",
       "      <td>0.073784</td>\n",
       "    </tr>\n",
       "    <tr>\n",
       "      <th>6</th>\n",
       "      <td>0.967053</td>\n",
       "      <td>0.737588</td>\n",
       "      <td>0.983462</td>\n",
       "      <td>0.098907</td>\n",
       "      <td>0.679626</td>\n",
       "      <td>0.127570</td>\n",
       "    </tr>\n",
       "    <tr>\n",
       "      <th>7</th>\n",
       "      <td>0.183761</td>\n",
       "      <td>0.452348</td>\n",
       "      <td>0.637990</td>\n",
       "      <td>0.337072</td>\n",
       "      <td>0.853086</td>\n",
       "      <td>0.592405</td>\n",
       "    </tr>\n",
       "    <tr>\n",
       "      <th>8</th>\n",
       "      <td>0.526488</td>\n",
       "      <td>0.484848</td>\n",
       "      <td>0.442284</td>\n",
       "      <td>0.628463</td>\n",
       "      <td>0.075410</td>\n",
       "      <td>0.201351</td>\n",
       "    </tr>\n",
       "  </tbody>\n",
       "</table>\n",
       "</div>"
      ],
      "text/plain": [
       "          f         e         d         c         b         a\n",
       "0  0.901082  0.110841  0.484084  0.239294  0.223886  0.627665\n",
       "1  0.067402  0.214981  0.971094  0.446911  0.359396  0.590443\n",
       "2  0.493699  0.778902  0.765296  0.184266  0.732161  0.468616\n",
       "3  0.560728  0.348710  0.860782  0.938976  0.550393  0.822042\n",
       "4  0.712404  0.552489  0.149711  0.019713  0.497167  0.128565\n",
       "5  0.238579  0.973917  0.562344  0.580560  0.217180  0.073784\n",
       "6  0.967053  0.737588  0.983462  0.098907  0.679626  0.127570\n",
       "7  0.183761  0.452348  0.637990  0.337072  0.853086  0.592405\n",
       "8  0.526488  0.484848  0.442284  0.628463  0.075410  0.201351"
      ]
     },
     "execution_count": 62,
     "metadata": {},
     "output_type": "execute_result"
    }
   ],
   "source": [
    "data.sort_index(axis = 1 , ascending=False)"
   ]
  },
  {
   "cell_type": "code",
   "execution_count": 63,
   "metadata": {},
   "outputs": [
    {
     "data": {
      "text/html": [
       "<div>\n",
       "<style scoped>\n",
       "    .dataframe tbody tr th:only-of-type {\n",
       "        vertical-align: middle;\n",
       "    }\n",
       "\n",
       "    .dataframe tbody tr th {\n",
       "        vertical-align: top;\n",
       "    }\n",
       "\n",
       "    .dataframe thead th {\n",
       "        text-align: right;\n",
       "    }\n",
       "</style>\n",
       "<table border=\"1\" class=\"dataframe\">\n",
       "  <thead>\n",
       "    <tr style=\"text-align: right;\">\n",
       "      <th></th>\n",
       "      <th>a</th>\n",
       "      <th>b</th>\n",
       "      <th>c</th>\n",
       "      <th>d</th>\n",
       "      <th>e</th>\n",
       "      <th>f</th>\n",
       "    </tr>\n",
       "  </thead>\n",
       "  <tbody>\n",
       "    <tr>\n",
       "      <th>8</th>\n",
       "      <td>0.201351</td>\n",
       "      <td>0.075410</td>\n",
       "      <td>0.628463</td>\n",
       "      <td>0.442284</td>\n",
       "      <td>0.484848</td>\n",
       "      <td>0.526488</td>\n",
       "    </tr>\n",
       "    <tr>\n",
       "      <th>7</th>\n",
       "      <td>0.592405</td>\n",
       "      <td>0.853086</td>\n",
       "      <td>0.337072</td>\n",
       "      <td>0.637990</td>\n",
       "      <td>0.452348</td>\n",
       "      <td>0.183761</td>\n",
       "    </tr>\n",
       "    <tr>\n",
       "      <th>6</th>\n",
       "      <td>0.127570</td>\n",
       "      <td>0.679626</td>\n",
       "      <td>0.098907</td>\n",
       "      <td>0.983462</td>\n",
       "      <td>0.737588</td>\n",
       "      <td>0.967053</td>\n",
       "    </tr>\n",
       "    <tr>\n",
       "      <th>5</th>\n",
       "      <td>0.073784</td>\n",
       "      <td>0.217180</td>\n",
       "      <td>0.580560</td>\n",
       "      <td>0.562344</td>\n",
       "      <td>0.973917</td>\n",
       "      <td>0.238579</td>\n",
       "    </tr>\n",
       "    <tr>\n",
       "      <th>4</th>\n",
       "      <td>0.128565</td>\n",
       "      <td>0.497167</td>\n",
       "      <td>0.019713</td>\n",
       "      <td>0.149711</td>\n",
       "      <td>0.552489</td>\n",
       "      <td>0.712404</td>\n",
       "    </tr>\n",
       "    <tr>\n",
       "      <th>3</th>\n",
       "      <td>0.822042</td>\n",
       "      <td>0.550393</td>\n",
       "      <td>0.938976</td>\n",
       "      <td>0.860782</td>\n",
       "      <td>0.348710</td>\n",
       "      <td>0.560728</td>\n",
       "    </tr>\n",
       "    <tr>\n",
       "      <th>2</th>\n",
       "      <td>0.468616</td>\n",
       "      <td>0.732161</td>\n",
       "      <td>0.184266</td>\n",
       "      <td>0.765296</td>\n",
       "      <td>0.778902</td>\n",
       "      <td>0.493699</td>\n",
       "    </tr>\n",
       "    <tr>\n",
       "      <th>1</th>\n",
       "      <td>0.590443</td>\n",
       "      <td>0.359396</td>\n",
       "      <td>0.446911</td>\n",
       "      <td>0.971094</td>\n",
       "      <td>0.214981</td>\n",
       "      <td>0.067402</td>\n",
       "    </tr>\n",
       "    <tr>\n",
       "      <th>0</th>\n",
       "      <td>0.627665</td>\n",
       "      <td>0.223886</td>\n",
       "      <td>0.239294</td>\n",
       "      <td>0.484084</td>\n",
       "      <td>0.110841</td>\n",
       "      <td>0.901082</td>\n",
       "    </tr>\n",
       "  </tbody>\n",
       "</table>\n",
       "</div>"
      ],
      "text/plain": [
       "          a         b         c         d         e         f\n",
       "8  0.201351  0.075410  0.628463  0.442284  0.484848  0.526488\n",
       "7  0.592405  0.853086  0.337072  0.637990  0.452348  0.183761\n",
       "6  0.127570  0.679626  0.098907  0.983462  0.737588  0.967053\n",
       "5  0.073784  0.217180  0.580560  0.562344  0.973917  0.238579\n",
       "4  0.128565  0.497167  0.019713  0.149711  0.552489  0.712404\n",
       "3  0.822042  0.550393  0.938976  0.860782  0.348710  0.560728\n",
       "2  0.468616  0.732161  0.184266  0.765296  0.778902  0.493699\n",
       "1  0.590443  0.359396  0.446911  0.971094  0.214981  0.067402\n",
       "0  0.627665  0.223886  0.239294  0.484084  0.110841  0.901082"
      ]
     },
     "execution_count": 63,
     "metadata": {},
     "output_type": "execute_result"
    }
   ],
   "source": [
    "data.sort_index(axis = 0, ascending= False)"
   ]
  },
  {
   "cell_type": "markdown",
   "metadata": {},
   "source": [
    "## 按照数字大小排序"
   ]
  },
  {
   "cell_type": "code",
   "execution_count": 64,
   "metadata": {},
   "outputs": [
    {
     "data": {
      "text/html": [
       "<div>\n",
       "<style scoped>\n",
       "    .dataframe tbody tr th:only-of-type {\n",
       "        vertical-align: middle;\n",
       "    }\n",
       "\n",
       "    .dataframe tbody tr th {\n",
       "        vertical-align: top;\n",
       "    }\n",
       "\n",
       "    .dataframe thead th {\n",
       "        text-align: right;\n",
       "    }\n",
       "</style>\n",
       "<table border=\"1\" class=\"dataframe\">\n",
       "  <thead>\n",
       "    <tr style=\"text-align: right;\">\n",
       "      <th></th>\n",
       "      <th>a</th>\n",
       "      <th>b</th>\n",
       "      <th>c</th>\n",
       "      <th>d</th>\n",
       "      <th>e</th>\n",
       "      <th>f</th>\n",
       "    </tr>\n",
       "  </thead>\n",
       "  <tbody>\n",
       "    <tr>\n",
       "      <th>4</th>\n",
       "      <td>0.128565</td>\n",
       "      <td>0.497167</td>\n",
       "      <td>0.019713</td>\n",
       "      <td>0.149711</td>\n",
       "      <td>0.552489</td>\n",
       "      <td>0.712404</td>\n",
       "    </tr>\n",
       "    <tr>\n",
       "      <th>6</th>\n",
       "      <td>0.127570</td>\n",
       "      <td>0.679626</td>\n",
       "      <td>0.098907</td>\n",
       "      <td>0.983462</td>\n",
       "      <td>0.737588</td>\n",
       "      <td>0.967053</td>\n",
       "    </tr>\n",
       "    <tr>\n",
       "      <th>2</th>\n",
       "      <td>0.468616</td>\n",
       "      <td>0.732161</td>\n",
       "      <td>0.184266</td>\n",
       "      <td>0.765296</td>\n",
       "      <td>0.778902</td>\n",
       "      <td>0.493699</td>\n",
       "    </tr>\n",
       "    <tr>\n",
       "      <th>0</th>\n",
       "      <td>0.627665</td>\n",
       "      <td>0.223886</td>\n",
       "      <td>0.239294</td>\n",
       "      <td>0.484084</td>\n",
       "      <td>0.110841</td>\n",
       "      <td>0.901082</td>\n",
       "    </tr>\n",
       "    <tr>\n",
       "      <th>7</th>\n",
       "      <td>0.592405</td>\n",
       "      <td>0.853086</td>\n",
       "      <td>0.337072</td>\n",
       "      <td>0.637990</td>\n",
       "      <td>0.452348</td>\n",
       "      <td>0.183761</td>\n",
       "    </tr>\n",
       "    <tr>\n",
       "      <th>1</th>\n",
       "      <td>0.590443</td>\n",
       "      <td>0.359396</td>\n",
       "      <td>0.446911</td>\n",
       "      <td>0.971094</td>\n",
       "      <td>0.214981</td>\n",
       "      <td>0.067402</td>\n",
       "    </tr>\n",
       "    <tr>\n",
       "      <th>5</th>\n",
       "      <td>0.073784</td>\n",
       "      <td>0.217180</td>\n",
       "      <td>0.580560</td>\n",
       "      <td>0.562344</td>\n",
       "      <td>0.973917</td>\n",
       "      <td>0.238579</td>\n",
       "    </tr>\n",
       "    <tr>\n",
       "      <th>8</th>\n",
       "      <td>0.201351</td>\n",
       "      <td>0.075410</td>\n",
       "      <td>0.628463</td>\n",
       "      <td>0.442284</td>\n",
       "      <td>0.484848</td>\n",
       "      <td>0.526488</td>\n",
       "    </tr>\n",
       "    <tr>\n",
       "      <th>3</th>\n",
       "      <td>0.822042</td>\n",
       "      <td>0.550393</td>\n",
       "      <td>0.938976</td>\n",
       "      <td>0.860782</td>\n",
       "      <td>0.348710</td>\n",
       "      <td>0.560728</td>\n",
       "    </tr>\n",
       "  </tbody>\n",
       "</table>\n",
       "</div>"
      ],
      "text/plain": [
       "          a         b         c         d         e         f\n",
       "4  0.128565  0.497167  0.019713  0.149711  0.552489  0.712404\n",
       "6  0.127570  0.679626  0.098907  0.983462  0.737588  0.967053\n",
       "2  0.468616  0.732161  0.184266  0.765296  0.778902  0.493699\n",
       "0  0.627665  0.223886  0.239294  0.484084  0.110841  0.901082\n",
       "7  0.592405  0.853086  0.337072  0.637990  0.452348  0.183761\n",
       "1  0.590443  0.359396  0.446911  0.971094  0.214981  0.067402\n",
       "5  0.073784  0.217180  0.580560  0.562344  0.973917  0.238579\n",
       "8  0.201351  0.075410  0.628463  0.442284  0.484848  0.526488\n",
       "3  0.822042  0.550393  0.938976  0.860782  0.348710  0.560728"
      ]
     },
     "execution_count": 64,
     "metadata": {},
     "output_type": "execute_result"
    }
   ],
   "source": [
    "# 根据第C列排序\n",
    "data.sort_values(by = 'c')"
   ]
  },
  {
   "cell_type": "markdown",
   "metadata": {},
   "source": [
    "## 重新索引\n",
    "reindex\n",
    "会有"
   ]
  },
  {
   "cell_type": "code",
   "execution_count": 65,
   "metadata": {},
   "outputs": [
    {
     "data": {
      "text/html": [
       "<div>\n",
       "<style scoped>\n",
       "    .dataframe tbody tr th:only-of-type {\n",
       "        vertical-align: middle;\n",
       "    }\n",
       "\n",
       "    .dataframe tbody tr th {\n",
       "        vertical-align: top;\n",
       "    }\n",
       "\n",
       "    .dataframe thead th {\n",
       "        text-align: right;\n",
       "    }\n",
       "</style>\n",
       "<table border=\"1\" class=\"dataframe\">\n",
       "  <thead>\n",
       "    <tr style=\"text-align: right;\">\n",
       "      <th></th>\n",
       "      <th>a</th>\n",
       "      <th>b</th>\n",
       "      <th>c</th>\n",
       "      <th>d</th>\n",
       "      <th>e</th>\n",
       "      <th>f</th>\n",
       "    </tr>\n",
       "  </thead>\n",
       "  <tbody>\n",
       "    <tr>\n",
       "      <th>0</th>\n",
       "      <td>0.627665</td>\n",
       "      <td>0.223886</td>\n",
       "      <td>0.239294</td>\n",
       "      <td>0.484084</td>\n",
       "      <td>0.110841</td>\n",
       "      <td>0.901082</td>\n",
       "    </tr>\n",
       "    <tr>\n",
       "      <th>1</th>\n",
       "      <td>0.590443</td>\n",
       "      <td>0.359396</td>\n",
       "      <td>0.446911</td>\n",
       "      <td>0.971094</td>\n",
       "      <td>0.214981</td>\n",
       "      <td>0.067402</td>\n",
       "    </tr>\n",
       "    <tr>\n",
       "      <th>2</th>\n",
       "      <td>0.468616</td>\n",
       "      <td>0.732161</td>\n",
       "      <td>0.184266</td>\n",
       "      <td>0.765296</td>\n",
       "      <td>0.778902</td>\n",
       "      <td>0.493699</td>\n",
       "    </tr>\n",
       "    <tr>\n",
       "      <th>3</th>\n",
       "      <td>0.822042</td>\n",
       "      <td>0.550393</td>\n",
       "      <td>0.938976</td>\n",
       "      <td>0.860782</td>\n",
       "      <td>0.348710</td>\n",
       "      <td>0.560728</td>\n",
       "    </tr>\n",
       "    <tr>\n",
       "      <th>4</th>\n",
       "      <td>0.128565</td>\n",
       "      <td>0.497167</td>\n",
       "      <td>0.019713</td>\n",
       "      <td>0.149711</td>\n",
       "      <td>0.552489</td>\n",
       "      <td>0.712404</td>\n",
       "    </tr>\n",
       "    <tr>\n",
       "      <th>5</th>\n",
       "      <td>0.073784</td>\n",
       "      <td>0.217180</td>\n",
       "      <td>0.580560</td>\n",
       "      <td>0.562344</td>\n",
       "      <td>0.973917</td>\n",
       "      <td>0.238579</td>\n",
       "    </tr>\n",
       "    <tr>\n",
       "      <th>6</th>\n",
       "      <td>0.127570</td>\n",
       "      <td>0.679626</td>\n",
       "      <td>0.098907</td>\n",
       "      <td>0.983462</td>\n",
       "      <td>0.737588</td>\n",
       "      <td>0.967053</td>\n",
       "    </tr>\n",
       "    <tr>\n",
       "      <th>7</th>\n",
       "      <td>0.592405</td>\n",
       "      <td>0.853086</td>\n",
       "      <td>0.337072</td>\n",
       "      <td>0.637990</td>\n",
       "      <td>0.452348</td>\n",
       "      <td>0.183761</td>\n",
       "    </tr>\n",
       "    <tr>\n",
       "      <th>8</th>\n",
       "      <td>0.201351</td>\n",
       "      <td>0.075410</td>\n",
       "      <td>0.628463</td>\n",
       "      <td>0.442284</td>\n",
       "      <td>0.484848</td>\n",
       "      <td>0.526488</td>\n",
       "    </tr>\n",
       "  </tbody>\n",
       "</table>\n",
       "</div>"
      ],
      "text/plain": [
       "          a         b         c         d         e         f\n",
       "0  0.627665  0.223886  0.239294  0.484084  0.110841  0.901082\n",
       "1  0.590443  0.359396  0.446911  0.971094  0.214981  0.067402\n",
       "2  0.468616  0.732161  0.184266  0.765296  0.778902  0.493699\n",
       "3  0.822042  0.550393  0.938976  0.860782  0.348710  0.560728\n",
       "4  0.128565  0.497167  0.019713  0.149711  0.552489  0.712404\n",
       "5  0.073784  0.217180  0.580560  0.562344  0.973917  0.238579\n",
       "6  0.127570  0.679626  0.098907  0.983462  0.737588  0.967053\n",
       "7  0.592405  0.853086  0.337072  0.637990  0.452348  0.183761\n",
       "8  0.201351  0.075410  0.628463  0.442284  0.484848  0.526488"
      ]
     },
     "execution_count": 65,
     "metadata": {},
     "output_type": "execute_result"
    }
   ],
   "source": [
    "data"
   ]
  },
  {
